MP
## Tracy-Widom statistics: rows: 69  cols: 91648
  #N    eigenvalue  difference    twstat      p-value effect. n
   1      1.435112          NA    18.350  1.18544e-24  4194.689
   2      1.319493   -0.115619     9.578  2.09795e-10  4840.922
   3      1.267593   -0.051901     5.787  3.33855e-06  5254.271
   4      1.251248   -0.016345     5.751   3.6549e-06  5583.123
   5      1.227555   -0.023693     4.628   5.4419e-05  5938.211
   6      1.197337   -0.030218     2.288   0.00634211  6282.767


FL
## Tracy-Widom statistics: rows: 74  cols: 114609
  #N    eigenvalue  difference    twstat      p-value effect. n
   1      1.509213          NA    26.719  6.38418e-42  4342.007
   2      1.320707   -0.188505    10.563  8.97642e-12  5263.225
   3      1.279287   -0.041421     7.843  1.25744e-08  5694.095
   4      1.215702   -0.063585     1.285    0.0322517  6077.542
   5      1.204222   -0.011479     1.068    0.0441159  6293.475


L
## Tracy-Widom statistics: rows: 144  cols: 149431
  #N    eigenvalue  difference    twstat      p-value effect. n
   1      2.013657          NA     1.922     0.011841   877.009



ML
## Tracy-Widom statistics: rows: 71  cols: 97511
  #N    eigenvalue  difference    twstat      p-value effect. n
   1      1.449167          NA    20.436   1.1865e-28  4338.167
   2      1.335051   -0.114115    12.005  6.86125e-14  5052.130
   3      1.276575   -0.058477     7.577  2.68304e-08  5545.122
   4      1.243244   -0.033330     5.380  9.17188e-06  5934.891
   5      1.224321   -0.018924     4.714  4.46877e-05  6283.149
   6      1.191281   -0.033040     1.783    0.0148727  6635.114
   7      1.175810   -0.015470     0.982    0.0498479  6908.610   